PER: 89.54703832752614 
 Loss: 3.4576484918594357